date_time	NINO3
1961.88	-0.58
1961.96	-0.39
1962.08	-0.16
1962.16	-0.11
1962.24	-0.18
1962.32	-0.32
1962.40	-0.47
1962.48	-0.47
1962.56	-0.39
1962.64	-0.24
1962.72	-0.27
1962.80	-0.29
1962.88	-0.44
1962.96	-0.49
1963.08	-0.46
1963.16	-0.37
1963.24	-0.14
1963.32	-0.02
1963.40	0.12
1963.48	0.25
1963.56	0.52
1963.64	0.78
1963.72	0.87
1963.80	0.86
1963.88	0.79
1963.96	0.92
1964.08	0.84
1964.16	0.68
1964.24	0.26
1964.32	-0.22
1964.40	-0.63
1964.48	-0.91
1964.56	-0.81
1964.64	-0.77
1964.72	-0.67
1964.80	-0.77
1964.88	-0.75
1964.96	-0.85
1965.08	-0.77
1965.16	-0.59
1965.24	-0.28
1965.32	-0.04
1965.40	0.23
1965.48	0.48
1965.56	0.74
1965.64	0.98
1965.72	1.21
1965.80	1.40
1965.88	1.50
1965.96	1.54
1966.08	1.44
1966.16	1.15
1966.24	0.81
1966.32	0.52
1966.40	0.20
1966.48	0.02
1966.56	-0.09
1966.64	-0.12
1966.72	-0.17
1966.80	-0.22
1966.88	-0.28
1966.96	-0.36
1967.08	-0.42
1967.16	-0.39
1967.24	-0.33
1967.32	-0.42
1967.40	-0.39
1967.48	-0.30
1967.56	-0.17
1967.64	-0.27
1967.72	-0.51
1967.80	-0.68
1967.88	-0.72
1967.96	-0.67
1968.08	-0.72
1968.16	-0.86
1968.24	-0.97
1968.32	-0.83
1968.40	-0.64
1968.48	-0.27
1968.56	0.01
1968.64	0.31
1968.72	0.36
1968.80	0.35
1968.88	0.40
1968.96	0.52
1969.08	0.61
1969.16	0.62
1969.24	0.56
1969.32	0.48
1969.40	0.49
1969.48	0.50
1969.56	0.47
1969.64	0.46
1969.72	0.51
1969.80	0.69
1969.88	0.80
1969.96	0.86
1970.08	0.83
1970.16	0.63
1970.24	0.39
1970.32	0.15
1970.40	-0.03
1970.48	-0.28
1970.56	-0.73
1970.64	-1.08
1970.72	-1.18
1970.80	-0.98
1970.88	-0.88
1970.96	-0.97
1971.08	-1.14
1971.16	-1.24
1971.24	-1.22
1971.32	-1.07
1971.40	-0.89
1971.48	-0.78
1971.56	-0.70
1971.64	-0.69
1971.72	-0.65
1971.80	-0.78
1971.88	-0.86
1971.96	-0.99
1972.08	-0.84
1972.16	-0.60
1972.24	-0.30
1972.32	-0.03
1972.40	0.21
1972.48	0.55
1972.56	0.83
1972.64	1.27
1972.72	1.52
1972.80	1.79
1972.88	1.90
1972.96	2.20
1973.08	2.11
1973.16	1.73
1973.24	1.08
1973.32	0.47
1973.40	-0.07
1973.48	-0.51
1973.56	-0.84
1973.64	-1.02
1973.72	-1.12
1973.80	-1.20
1973.88	-1.37
1973.96	-1.55
1974.08	-1.63
1974.16	-1.47
1974.24	-1.24
1974.32	-0.92
1974.40	-0.67
1974.48	-0.46
1974.56	-0.34
1974.64	-0.22
1974.72	-0.17
1974.80	-0.26
1974.88	-0.47
1974.96	-0.62
1975.08	-0.53
1975.16	-0.42
1975.24	-0.34
1975.32	-0.35
1975.40	-0.50
1975.48	-0.73
1975.56	-0.91
1975.64	-0.87
1975.72	-0.85
1975.80	-0.95
1975.88	-1.09
1975.96	-1.23
1976.08	-1.38
1976.16	-1.32
1976.24	-1.02
1976.32	-0.57
1976.40	-0.30
1976.48	0.01
1976.56	0.31
1976.64	0.62
1976.72	0.78
1976.80	0.93
1976.88	1.03
1976.96	1.01
1977.08	1.01
1977.16	0.87
1977.24	0.78
1977.32	0.31
1977.40	0.07
1977.48	-0.00
1977.56	0.20
1977.64	0.18
1977.72	0.12
1977.80	0.26
1977.88	0.53
1977.96	0.75
1978.08	0.71
1978.16	0.58
1978.24	0.35
1978.32	-0.02
1978.40	-0.32
1978.48	-0.49
1978.56	-0.48
1978.64	-0.53
1978.72	-0.52
1978.80	-0.38
1978.88	-0.15
1978.96	0.09
1979.08	0.12
1979.16	0.11
1979.24	0.04
1979.32	0.16
1979.40	0.25
1979.48	0.33
1979.56	0.21
1979.64	0.25
1979.72	0.41
1979.80	0.60
1979.88	0.65
1979.96	0.62
1980.08	0.62
1980.16	0.52
1980.24	0.31
1980.32	0.18
1980.40	0.17
1980.48	0.28
1980.56	0.22
1980.64	0.12
1980.72	-0.00
1980.80	-0.06
1980.88	0.00
1980.96	0.11
1981.08	-0.01
1981.16	-0.21
1981.24	-0.35
1981.32	-0.24
1981.40	-0.10
1981.48	-0.07
1981.56	-0.09
1981.64	-0.14
1981.72	-0.09
1981.80	0.04
1981.88	0.08
1981.96	0.13
1982.08	0.17
1982.16	0.21
1982.24	0.15
1982.32	0.18
1982.40	0.42
1982.48	0.72
1982.56	0.82
1982.64	0.92
1982.72	1.16
1982.80	1.69
1982.88	2.18
1982.96	2.58
1983.08	2.78
1983.16	2.75
1983.24	2.44
1983.32	2.01
1983.40	1.76
1983.48	1.56
1983.56	1.27
1983.64	0.87
1983.72	0.45
1983.80	0.04
1983.88	-0.42
1983.96	-0.65
1984.08	-0.63
1984.16	-0.45
1984.24	-0.30
1984.32	-0.25
1984.40	-0.34
1984.48	-0.61
1984.56	-0.65
1984.64	-0.60
1984.72	-0.39
1984.80	-0.49
1984.88	-0.68
1984.96	-1.03
1985.08	-1.04
1985.16	-1.00
1985.24	-0.81
1985.32	-0.82
1985.40	-0.81
1985.48	-0.79
1985.56	-0.73
1985.64	-0.65
1985.72	-0.62
1985.80	-0.62
1985.88	-0.59
1985.96	-0.57
1986.08	-0.57
1986.16	-0.56
1986.24	-0.49
1986.32	-0.35
1986.40	-0.33
1986.48	-0.25
1986.56	-0.10
1986.64	0.07
1986.72	0.27
1986.80	0.50
1986.88	0.81
1986.96	0.93
1987.08	1.03
1987.16	1.05
1987.24	1.15
1987.32	1.10
1987.40	1.12
1987.48	1.14
1987.56	1.29
1987.64	1.39
1987.72	1.53
1987.80	1.51
1987.88	1.44
1987.96	1.25
1988.08	1.03
1988.16	0.71
1988.24	0.44
1988.32	0.05
1988.40	-0.38
1988.48	-1.02
1988.56	-1.36
1988.64	-1.51
1988.72	-1.41
1988.80	-1.51
1988.88	-1.65
1988.96	-1.81
1989.08	-1.70
1989.16	-1.37
1989.24	-1.11
1989.32	-0.89
1989.40	-0.79
1989.48	-0.57
1989.56	-0.37
1989.64	-0.34
1989.72	-0.30
1989.80	-0.33
1989.88	-0.26
1989.96	-0.26
1990.08	-0.18
1990.16	-0.00
1990.24	0.11
1990.32	0.24
1990.40	0.30
1990.48	0.31
1990.56	0.25
1990.64	0.15
1990.72	0.19
1990.80	0.18
1990.88	0.12
1990.96	0.09
1991.08	0.18
1991.16	0.26
1991.24	0.27
1991.32	0.19
1991.40	0.27
1991.48	0.47
1991.56	0.69
1991.64	0.65
1991.72	0.48
1991.80	0.48
1991.88	0.73
1991.96	1.13
1992.08	1.38
1992.16	1.47
1992.24	1.44
1992.32	1.40
1992.40	1.42
1992.48	1.16
1992.56	0.75
1992.64	0.18
1992.72	-0.05
1992.80	-0.19
1992.88	-0.16
1992.96	-0.14
1993.08	-0.01
1993.16	0.17
1993.24	0.38
1993.32	0.66
1993.40	0.89
1993.48	0.95
1993.56	0.71
1993.64	0.38
1993.72	0.21
1993.80	0.22
1993.88	0.28
1993.96	0.26
1994.08	0.20
1994.16	0.07
1994.24	-0.01
1994.32	-0.09
1994.40	-0.03
1994.48	0.07
1994.56	0.06
1994.64	0.07
1994.72	0.07
1994.80	0.37
1994.88	0.67
1994.96	0.94
1995.08	1.01
1995.16	0.93
1995.24	0.68
1995.32	0.39
1995.40	0.09
1995.48	-0.03
1995.56	-0.03
1995.64	-0.12
1995.72	-0.30
1995.80	-0.53
1995.88	-0.62
1995.96	-0.64
1996.08	-0.60
1996.16	-0.52
1996.24	-0.38
1996.32	-0.31
1996.40	-0.26
1996.48	-0.22
1996.56	-0.14
1996.64	-0.11
1996.72	-0.15
1996.80	-0.21
1996.88	-0.24
1996.96	-0.38
1997.08	-0.47
1997.16	-0.48
1997.24	-0.25
1997.32	0.05
1997.40	0.52
1997.48	1.00
1997.56	1.56
1997.64	2.01
1997.72	2.38
1997.80	2.67
1997.88	2.86
1997.96	2.97
1998.08	2.96
1998.16	2.76
1998.24	2.40
1998.32	1.89
1998.40	1.47
1998.48	0.84
1998.56	0.30
1998.64	-0.19
1998.72	-0.35
1998.80	-0.52
1998.88	-0.66
1998.96	-0.86
1999.08	-0.95
1999.16	-0.98
1999.24	-0.78
1999.32	-0.63
1999.40	-0.52
1999.48	-0.59
1999.56	-0.60
1999.64	-0.67
1999.72	-0.73
1999.80	-0.89
1999.88	-1.09
1999.96	-1.27
2000.08	-1.47
2000.16	-1.41
2000.24	-1.23
2000.32	-0.79
2000.40	-0.55
2000.48	-0.49
2000.56	-0.53
2000.64	-0.49
2000.72	-0.34
2000.80	-0.33
2000.88	-0.42
2000.96	-0.59
2001.08	-0.66
2001.16	-0.57
2001.24	-0.38
2001.32	-0.18
2001.40	-0.12
2001.48	-0.10
2001.56	-0.10
2001.64	-0.09
2001.72	-0.22
2001.80	-0.34
2001.88	-0.42
2001.96	-0.46
2002.08	-0.42
2002.16	-0.30
2002.24	-0.02
2002.32	0.14
2002.40	0.25
2002.48	0.37
2002.56	0.47
2002.64	0.53
2002.72	0.56
2002.80	0.75
2002.88	1.04
2002.96	1.26
2003.08	1.20
2003.16	0.91
2003.24	0.57
2003.32	0.22
2003.40	-0.15
2003.48	-0.35
2003.56	-0.24
2003.64	0.00
2003.72	0.16
2003.80	0.26
2003.88	0.37
2003.96	0.51
2004.08	0.50
2004.16	0.45
2004.24	0.28
2004.32	0.16
2004.40	0.06
2004.48	0.05
2004.56	0.08
2004.64	0.23
2004.72	0.39
2004.80	0.52
2004.88	0.59
2004.96	0.63
2005.08	0.57
2005.16	0.40
2005.24	0.23
2005.32	0.21
2005.40	0.32
2005.48	0.38
2005.56	0.32
2005.64	0.21
2005.72	0.10
2005.80	-0.05
2005.88	-0.30
2005.96	-0.65
2006.08	-0.84
2006.16	-0.76
2006.24	-0.57
2006.32	-0.33
2006.40	-0.18
2006.48	0.03
2006.56	0.09
2006.64	0.20
2006.72	0.41
2006.80	0.68
2006.88	0.89
2006.96	1.01
2007.08	0.94
2007.16	0.65
2007.24	0.19
2007.32	-0.11
2007.40	-0.29
2007.48	-0.30
2007.56	-0.38
2007.64	-0.52
2007.72	-0.82
2007.80	-1.11
2007.88	-1.34
2007.96	-1.44
2008.08	-1.53
2008.16	-1.44
2008.24	-1.20
2008.32	-0.86
2008.40	-0.49
2008.48	-0.26
2008.56	0.01
2008.64	0.22
2008.72	0.27
2008.80	0.18
2008.88	-0.01
2008.96	-0.23
2009.08	-0.44
2009.16	-0.55
2009.24	-0.55
2009.32	-0.34
2009.40	-0.03
2009.48	0.41
2009.56	0.72
2009.64	0.81
2009.72	0.86
2009.80	0.84
2009.88	1.04
2009.96	1.30
2010.08	1.44
2010.16	1.32
2010.24	1.08
2010.32	0.85
2010.40	0.56
2010.48	0.12
2010.56	-0.33
2010.64	-0.70
2010.72	-0.97
2010.80	-1.27
2010.88	-1.44
2010.96	-1.56
2011.08	-1.49
2011.16	-1.30
2011.24	-1.04
2011.32	-0.69
2011.40	-0.44
2011.48	-0.16
2011.56	-0.01
2011.64	-0.09
2011.72	-0.29
2011.80	-0.61
2011.88	-0.80
2011.96	-0.87
2012.08	-0.81
2012.16	-0.54
2012.24	-0.32
2012.32	-0.10
2012.40	-0.02
2012.48	0.16
2012.56	0.43
2012.64	0.68
2012.72	0.71
2012.80	0.50
2012.88	0.34
2012.96	0.12
2013.08	-0.08
2013.16	-0.31
2013.24	-0.21
2013.32	-0.05
2013.40	-0.05
2013.48	-0.27
2013.56	-0.39
2013.64	-0.38
2013.72	-0.24
2013.80	-0.15
2013.88	-0.02
2013.96	0.01
2014.08	-0.04
2014.16	-0.20
2014.24	-0.22
2014.32	-0.03
2014.40	0.33
2014.48	0.63
2014.56	0.69
2014.64	0.59
2014.72	0.45
2014.80	0.50
2014.88	0.71
