date_time	ST	wind_burst
1961.88	-0.09	-5.84
1961.96	-0.09	-7.37
1962.08	-0.08	-1.64
1962.16	-0.08	-7.92
1962.24	-0.07	-4.74
1962.32	-0.07	4.18
1962.40	-0.08	-6.15
1962.48	-0.08	1.47
1962.56	-0.09	0.12
1962.64	-0.09	-9.54
1962.72	-0.09	-3.17
1962.80	-0.10	-7.20
1962.88	-0.11	-11.77
1962.96	-0.12	-5.83
1963.08	-0.12	2.99
1963.16	-0.11	1.54
1963.24	-0.11	12.87
1963.32	-0.10	8.31
1963.40	-0.09	14.37
1963.48	-0.08	10.93
1963.56	-0.07	10.15
1963.64	-0.05	8.39
1963.72	-0.04	4.42
1963.80	-0.03	11.07
1963.88	-0.02	2.14
1963.96	-0.02	1.52
1964.08	-0.01	-13.99
1964.16	-0.01	-23.29
1964.24	-0.01	-1.12
1964.32	-0.03	-6.04
1964.40	-0.05	2.90
1964.48	-0.07	-2.11
1964.56	-0.09	-7.45
1964.64	-0.12	-4.80
1964.72	-0.14	-8.21
1964.80	-0.16	-5.38
1964.88	-0.17	0.35
1964.96	-0.17	3.08
1965.08	-0.16	-3.75
1965.16	-0.14	-12.42
1965.24	-0.13	-1.51
1965.32	-0.11	0.94
1965.40	-0.09	-1.48
1965.48	-0.08	3.11
1965.56	-0.06	7.50
1965.64	-0.06	5.81
1965.72	-0.05	7.12
1965.80	-0.00	8.68
1965.88	0.02	5.04
1965.96	0.03	-6.09
1966.08	0.04	-12.04
1966.16	0.05	-4.02
1966.24	0.06	0.55
1966.32	0.07	-2.48
1966.40	0.09	1.00
1966.48	0.11	-4.10
1966.56	0.13	-4.98
1966.64	0.14	-6.57
1966.72	0.15	-5.84
1966.80	0.18	-2.94
1966.88	0.20	3.48
1966.96	0.22	-10.56
1967.08	0.21	-12.02
1967.16	0.21	-7.38
1967.24	0.22	8.53
1967.32	0.22	2.35
1967.40	0.23	9.22
1967.48	0.24	-0.36
1967.56	0.26	11.56
1967.64	0.26	1.09
1967.72	0.26	3.99
1967.80	0.26	-1.58
1967.88	0.27	0.84
1967.96	0.27	4.04
1968.08	0.27	11.91
1968.16	0.28	4.15
1968.24	0.29	3.98
1968.32	0.30	18.80
1968.40	0.32	11.00
1968.48	0.33	10.51
1968.56	0.32	6.39
1968.64	0.32	13.60
1968.72	0.32	8.54
1968.80	0.32	7.98
1968.88	0.33	12.13
1968.96	0.33	23.54
1969.08	0.33	6.82
1969.16	0.32	12.30
1969.24	0.32	-7.87
1969.32	0.33	-7.08
1969.40	0.34	-4.77
1969.48	0.34	-0.90
1969.56	0.35	1.36
1969.64	0.35	-7.64
1969.72	0.34	2.29
1969.80	0.34	0.16
1969.88	0.34	0.46
1969.96	0.34	-5.83
1970.08	0.34	8.91
1970.16	0.34	4.22
1970.24	0.35	-10.96
1970.32	0.35	-10.10
1970.40	0.35	3.05
1970.48	0.35	-1.29
1970.56	0.34	-4.00
1970.64	0.33	-13.97
1970.72	0.32	-10.99
1970.80	0.30	-10.55
1970.88	0.28	-0.07
1970.96	0.26	-8.83
1971.08	0.23	11.77
1971.16	0.20	-3.87
1971.24	0.18	3.16
1971.32	0.18	4.84
1971.40	0.16	-3.75
1971.48	0.15	5.17
1971.56	0.15	1.51
1971.64	0.14	-1.52
1971.72	0.13	-4.47
1971.80	0.12	-9.40
1971.88	0.12	0.72
1971.96	0.12	0.95
1972.08	0.12	5.11
1972.16	0.13	4.92
1972.24	0.13	12.22
1972.32	0.13	6.77
1972.40	0.13	8.92
1972.48	0.12	5.31
1972.56	0.11	16.26
1972.64	0.10	12.47
1972.72	0.09	21.44
1972.80	0.09	20.89
1972.88	0.08	2.54
1972.96	0.07	9.30
1973.08	0.07	4.97
1973.16	0.07	-1.73
1973.24	0.07	-6.32
1973.32	0.07	-10.69
1973.40	0.07	-2.77
1973.48	0.06	-6.73
1973.56	0.06	-3.93
1973.64	0.05	-9.00
1973.72	0.04	-11.84
1973.80	0.03	-7.92
1973.88	0.03	-3.13
1973.96	0.02	-8.00
1974.08	0.01	11.16
1974.16	0.01	-10.24
1974.24	0.02	10.94
1974.32	0.02	7.45
1974.40	0.02	2.75
1974.48	0.03	6.06
1974.56	0.04	4.96
1974.64	0.05	1.86
1974.72	0.05	1.06
1974.80	0.07	2.76
1974.88	0.07	3.38
1974.96	0.08	-4.83
1975.08	0.09	-0.27
1975.16	0.10	-5.89
1975.24	0.10	-6.19
1975.32	0.10	-4.61
1975.40	0.09	-0.80
1975.48	0.07	-5.28
1975.56	0.07	-6.79
1975.64	0.06	-6.19
1975.72	0.04	-11.95
1975.80	0.03	-4.03
1975.88	0.01	-1.72
1975.96	0.00	-7.34
1976.08	-0.01	-4.66
1976.16	-0.01	8.36
1976.24	-0.02	4.26
1976.32	-0.02	0.48
1976.40	-0.02	-3.23
1976.48	-0.03	4.62
1976.56	-0.03	6.02
1976.64	-0.04	5.75
1976.72	-0.06	13.66
1976.80	-0.07	-2.09
1976.88	-0.08	-1.72
1976.96	-0.08	0.34
1977.08	-0.09	-0.91
1977.16	-0.10	-8.83
1977.24	-0.10	-5.53
1977.32	-0.09	0.61
1977.40	-0.09	-0.51
1977.48	-0.09	-1.69
1977.56	-0.09	1.91
1977.64	-0.08	1.22
1977.72	-0.08	-1.13
1977.80	-0.08	2.44
1977.88	-0.08	1.18
1977.96	-0.08	2.25
1978.08	-0.08	-1.04
1978.16	-0.09	0.65
1978.24	-0.09	-0.03
1978.32	-0.10	1.45
1978.40	-0.11	-9.46
1978.48	-0.12	2.13
1978.56	-0.12	-4.41
1978.64	-0.11	-1.16
1978.72	-0.11	-5.23
1978.80	-0.12	-2.68
1978.88	-0.13	0.18
1978.96	-0.12	-6.92
1979.08	-0.12	-3.91
1979.16	-0.11	0.92
1979.24	-0.10	-2.01
1979.32	-0.09	-10.69
1979.40	-0.08	-10.02
1979.48	-0.07	-8.65
1979.56	-0.06	-7.05
1979.64	-0.06	0.47
1979.72	-0.04	-8.64
1979.80	-0.04	-3.61
1979.88	-0.03	-2.20
1979.96	-0.03	11.11
1980.08	-0.03	4.74
1980.16	-0.02	-0.07
1980.24	-0.01	0.26
1980.32	-0.01	-1.94
1980.40	-0.00	-1.13
1980.48	-0.00	-0.97
1980.56	-0.01	2.35
1980.64	-0.01	-3.17
1980.72	-0.01	4.13
1980.80	-0.01	-0.66
1980.88	-0.01	-2.12
1980.96	-0.00	8.98
1981.08	-0.01	0.97
1981.16	-0.01	4.33
1981.24	0.00	-5.25
1981.32	-0.01	2.96
1981.40	-0.00	-5.53
1981.48	0.01	-4.77
1981.56	0.01	-7.70
1981.64	0.01	-0.45
1981.72	0.02	-4.95
1981.80	0.02	-0.76
1981.88	0.03	-1.24
1981.96	0.04	-1.27
1982.08	0.03	0.44
1982.16	0.03	13.89
1982.24	0.03	1.72
1982.32	0.04	8.72
1982.40	0.06	4.05
1982.48	0.07	12.17
1982.56	0.11	14.88
1982.64	0.15	20.24
1982.72	0.18	19.82
1982.80	0.21	26.32
1982.88	0.24	22.32
1982.96	0.28	0.88
1983.08	0.30	6.32
1983.16	0.32	-2.12
1983.24	0.33	-0.31
1983.32	0.32	0.72
1983.40	0.32	-8.60
1983.48	0.35	-4.92
1983.56	0.37	-6.88
1983.64	0.37	1.35
1983.72	0.35	2.64
1983.80	0.34	2.14
1983.88	0.32	-0.03
1983.96	0.32	6.40
1984.08	0.33	2.37
1984.16	0.31	-8.63
1984.24	0.27	-11.10
1984.32	0.23	-10.61
1984.40	0.19	-3.80
1984.48	0.18	3.36
1984.56	0.16	-0.84
1984.64	0.15	4.93
1984.72	0.13	-3.23
1984.80	0.12	2.50
1984.88	0.10	1.62
1984.96	0.08	4.81
1985.08	0.08	4.54
1985.16	0.06	-1.19
1985.24	0.04	-3.27
1985.32	0.04	13.14
1985.40	0.03	4.28
1985.48	0.03	3.39
1985.56	0.05	6.05
1985.64	0.07	-2.40
1985.72	0.10	0.73
1985.80	0.14	-0.04
1985.88	0.17	0.23
1985.96	0.21	-4.18
1986.08	0.25	-1.32
1986.16	0.26	6.97
1986.24	0.27	0.49
1986.32	0.27	2.21
1986.40	0.27	6.53
1986.48	0.27	-0.25
1986.56	0.26	4.36
1986.64	0.25	7.55
1986.72	0.24	10.90
1986.80	0.23	-6.98
1986.88	0.22	5.34
1986.96	0.20	4.99
1987.08	0.19	-9.06
1987.16	0.18	2.92
1987.24	0.16	-9.49
1987.32	0.16	1.16
1987.40	0.15	9.11
1987.48	0.15	3.94
1987.56	0.14	2.18
1987.64	0.13	3.48
1987.72	0.11	13.60
1987.80	0.10	3.17
1987.88	0.09	-2.10
1987.96	0.07	-1.74
1988.08	0.08	-3.76
1988.16	0.08	-1.15
1988.24	0.07	-8.60
1988.32	0.06	-4.44
1988.40	0.05	-9.82
1988.48	0.04	-5.70
1988.56	0.02	-6.80
1988.64	-0.01	-16.14
1988.72	-0.02	-11.65
1988.80	-0.05	-9.97
1988.88	-0.06	-15.15
1988.96	-0.08	-3.05
1989.08	-0.09	-16.53
1989.16	-0.09	5.00
1989.24	-0.10	3.70
1989.32	-0.11	-0.44
1989.40	-0.12	-6.99
1989.48	-0.12	-5.67
1989.56	-0.12	-10.31
1989.64	-0.12	-7.46
1989.72	-0.12	-11.27
1989.80	-0.12	-1.96
1989.88	-0.12	1.29
1989.96	-0.13	-2.72
1990.08	-0.13	-7.16
1990.16	-0.13	5.27
1990.24	-0.14	4.99
1990.32	-0.14	1.22
1990.40	-0.15	-10.53
1990.48	-0.15	-5.51
1990.56	-0.15	-5.32
1990.64	-0.16	-9.07
1990.72	-0.16	-7.30
1990.80	-0.16	-7.87
1990.88	-0.17	3.39
1990.96	-0.17	-1.51
1991.08	-0.17	-7.44
1991.16	-0.16	5.47
1991.24	-0.17	-8.11
1991.32	-0.18	-7.34
1991.40	-0.17	-11.05
1991.48	-0.16	-2.16
1991.56	-0.15	1.44
1991.64	-0.15	2.87
1991.72	-0.16	1.31
1991.80	-0.17	2.11
1991.88	-0.17	5.23
1991.96	-0.19	10.12
1992.08	-0.21	1.26
1992.16	-0.23	4.01
1992.24	-0.26	-5.99
1992.32	-0.29	5.77
1992.40	-0.31	5.53
1992.48	-0.34	-3.98
1992.56	-0.37	-0.43
1992.64	-0.38	-2.47
1992.72	-0.35	3.90
1992.80	-0.32	2.16
1992.88	-0.30	3.49
1992.96	-0.26	7.70
1993.08	-0.23	-0.50
1993.16	-0.19	13.32
1993.24	-0.15	5.42
1993.32	-0.11	0.53
1993.40	-0.08	-0.93
1993.48	-0.08	-0.73
1993.56	-0.06	-2.85
1993.64	-0.02	-0.08
1993.72	-0.00	-3.46
1993.80	-0.00	0.97
1993.88	0.01	-4.70
1993.96	0.02	-9.13
1994.08	0.02	0.30
1994.16	0.01	8.57
1994.24	-0.00	-4.58
1994.32	-0.01	2.87
1994.40	-0.02	-3.41
1994.48	-0.03	3.12
1994.56	-0.03	5.02
1994.64	-0.04	5.18
1994.72	-0.03	8.71
1994.80	-0.03	9.07
1994.88	-0.03	9.12
1994.96	-0.04	3.35
1995.08	-0.05	3.14
1995.16	-0.06	17.31
1995.24	-0.07	7.89
1995.32	-0.08	3.07
1995.40	-0.09	-0.78
1995.48	-0.10	-8.08
1995.56	-0.11	-4.08
1995.64	-0.14	-15.75
1995.72	-0.17	-6.58
1995.80	-0.19	-9.08
1995.88	-0.20	2.11
1995.96	-0.23	-1.30
1996.08	-0.25	1.73
1996.16	-0.26	9.37
1996.24	-0.26	2.48
1996.32	-0.29	-1.87
1996.40	-0.31	0.54
1996.48	-0.32	-3.33
1996.56	-0.34	-0.24
1996.64	-0.36	0.07
1996.72	-0.37	1.51
1996.80	-0.39	1.42
1996.88	-0.39	8.16
1996.96	-0.39	15.22
1997.08	-0.39	13.32
1997.16	-0.38	0.31
1997.24	-0.35	19.40
1997.32	-0.36	11.29
1997.40	-0.36	16.93
1997.48	-0.34	9.44
1997.56	-0.29	9.33
1997.64	-0.29	26.15
1997.72	-0.31	22.21
1997.80	-0.30	18.55
1997.88	-0.30	9.57
1997.96	-0.24	6.53
1998.08	-0.26	7.28
1998.16	-0.26	-5.30
1998.24	-0.29	7.12
1998.32	-0.31	-6.84
1998.40	-0.33	-2.53
1998.48	-0.33	-1.21
1998.56	-0.33	-8.51
1998.64	-0.33	-3.93
1998.72	-0.32	-8.25
1998.80	-0.30	-7.89
1998.88	-0.29	-7.59
1998.96	-0.28	-7.67
1999.08	-0.27	-13.21
1999.16	-0.27	-8.25
1999.24	-0.26	-10.62
1999.32	-0.24	-12.76
1999.40	-0.21	-4.80
1999.48	-0.19	-4.01
1999.56	-0.17	-6.47
1999.64	-0.15	-8.65
1999.72	-0.13	-6.32
1999.80	-0.11	-13.47
1999.88	-0.10	0.73
1999.96	-0.09	-0.21
2000.08	-0.09	4.45
2000.16	-0.11	-6.16
2000.24	-0.12	-11.27
2000.32	-0.12	-8.38
2000.40	-0.12	-0.53
2000.48	-0.12	-4.27
2000.56	-0.10	3.52
2000.64	-0.09	-7.29
2000.72	-0.09	-4.37
2000.80	-0.08	-5.34
2000.88	-0.06	-10.67
2000.96	-0.06	-5.06
2001.08	-0.06	-16.68
2001.16	-0.06	-6.57
2001.24	-0.05	-6.71
2001.32	-0.05	-5.65
2001.40	-0.04	-0.26
2001.48	-0.02	2.97
2001.56	-0.01	-3.56
2001.64	-0.00	-2.62
2001.72	0.01	-10.38
2001.80	0.01	-7.06
2001.88	0.01	-5.38
2001.96	0.01	-2.22
2002.08	0.03	-3.13
2002.16	0.03	-1.97
2002.24	0.03	-3.80
2002.32	0.03	7.89
2002.40	0.03	2.57
2002.48	0.02	-8.28
2002.56	0.02	8.23
2002.64	0.02	6.16
2002.72	0.01	6.49
2002.80	-0.01	7.93
2002.88	-0.01	-0.87
2002.96	-0.03	1.63
2003.08	-0.04	15.67
2003.16	-0.05	0.78
2003.24	-0.05	-3.08
2003.32	-0.05	-1.57
2003.40	-0.05	-3.01
2003.48	-0.05	-2.48
2003.56	-0.04	-7.20
2003.64	-0.06	-3.76
2003.72	-0.08	-2.40
2003.80	-0.08	-4.60
2003.88	-0.09	1.15
2003.96	-0.08	2.56
2004.08	-0.09	8.09
2004.16	-0.09	0.03
2004.24	-0.09	4.87
2004.32	-0.11	-1.85
2004.40	-0.11	0.82
2004.48	-0.11	12.50
2004.56	-0.11	3.60
2004.64	-0.12	12.58
2004.72	-0.13	-1.72
2004.80	-0.13	7.39
2004.88	-0.14	7.70
2004.96	-0.15	17.30
2005.08	-0.16	12.82
2005.16	-0.15	12.74
2005.24	-0.16	-3.46
2005.32	-0.17	-0.31
2005.40	-0.18	3.25
2005.48	-0.18	-6.45
2005.56	-0.18	-3.83
2005.64	-0.18	4.68
2005.72	-0.18	7.93
2005.80	-0.18	-6.52
2005.88	-0.18	2.80
2005.96	-0.17	-8.05
2006.08	-0.16	-9.68
2006.16	-0.16	-1.00
2006.24	-0.15	12.19
2006.32	-0.15	-1.12
2006.40	-0.15	8.53
2006.48	-0.15	-1.06
2006.56	-0.15	-1.29
2006.64	-0.16	10.79
2006.72	-0.17	7.43
2006.80	-0.18	11.96
2006.88	-0.19	5.65
2006.96	-0.20	-2.44
2007.08	-0.20	-0.22
2007.16	-0.21	8.69
2007.24	-0.22	10.04
2007.32	-0.24	-6.24
2007.40	-0.23	2.27
2007.48	-0.21	-10.34
2007.56	-0.18	-3.81
2007.64	-0.14	-4.81
2007.72	-0.09	-1.82
2007.80	-0.06	-8.34
2007.88	-0.06	-2.56
2007.96	-0.05	-13.05
2008.08	-0.05	-7.06
2008.16	-0.05	-6.74
2008.24	-0.05	1.32
2008.32	-0.04	-3.60
2008.40	-0.03	-0.06
2008.48	-0.02	4.22
2008.56	-0.01	-3.23
2008.64	-0.01	-7.91
2008.72	-0.01	-1.06
2008.80	-0.01	-6.20
2008.88	-0.02	-9.61
2008.96	-0.02	8.17
2009.08	-0.02	-2.82
2009.16	-0.02	-4.48
2009.24	-0.01	11.05
2009.32	-0.01	1.29
2009.40	-0.00	9.63
2009.48	-0.01	3.57
2009.56	-0.02	2.56
2009.64	-0.03	8.67
2009.72	-0.03	7.22
2009.80	-0.02	7.00
2009.88	-0.01	0.45
2009.96	0.00	12.69
2010.08	0.03	13.53
2010.16	0.05	0.82
2010.24	0.07	-4.64
2010.32	0.09	-2.00
2010.40	0.10	-1.60
2010.48	0.11	-7.59
2010.56	0.11	-19.29
2010.64	0.09	-18.86
2010.72	0.06	-21.74
2010.80	0.03	-4.08
2010.88	0.00	-4.62
2010.96	-0.01	4.65
2011.08	-0.00	-2.59
2011.16	0.02	6.64
2011.24	0.02	-2.63
2011.32	0.02	0.66
2011.40	0.03	-4.32
2011.48	0.05	-10.90
2011.56	0.06	-9.21
2011.64	0.06	-4.19
2011.72	0.06	-12.78
2011.80	0.06	-2.68
2011.88	0.06	-1.61
2011.96	0.07	-17.14
2012.08	0.08	1.39
2012.16	0.09	-11.08
2012.24	0.09	7.04
2012.32	0.08	11.45
2012.40	0.08	0.62
2012.48	0.06	0.05
2012.56	0.06	-1.36
2012.64	0.05	1.03
2012.72	0.04	3.13
2012.80	0.04	2.23
2012.88	0.03	3.81
2012.96	0.02	3.66
2013.08	0.02	6.06
2013.16	0.01	-17.26
2013.24	0.01	3.76
2013.32	0.02	3.56
2013.40	0.03	-3.29
2013.48	0.03	-5.56
2013.56	0.03	-5.92
2013.64	0.03	-1.58
2013.72	0.03	-6.05
2013.80	0.03	4.72
2013.88	0.04	-2.24
2013.96	0.03	0.31
2014.08	0.03	9.78
2014.16	0.02	13.48
2014.24	0.01	9.08
2014.32	0.01	12.03
2014.40	0.01	7.13
2014.48	-0.00	4.51
2014.56	-0.01	7.19
2014.64	-0.02	3.22
2014.72	-0.03	2.83
2014.80	-0.03	7.63
2014.88	-0.04	9.40
