# time (year)	NINO3.4 index (thresh =+-0.4)
1961.005	-0.156
1961.032	-0.075
1961.060	0.005
1961.087	0.078
1961.114	0.053
1961.142	0.028
1961.169	0.036
1961.196	0.133
1961.224	0.230
1961.251	0.309
1961.279	0.306
1961.306	0.303
1961.333	0.325
1961.361	0.477
1961.388	0.628
1961.415	0.759
1961.443	0.586
1961.470	0.412
1961.498	0.240
1961.525	0.072
1961.552	-0.096
1961.580	-0.263
1961.607	-0.329
1961.634	-0.390
1961.662	-0.451
1961.689	-0.477
1961.717	-0.497
1961.744	-0.517
1961.771	-0.448
1961.799	-0.364
1961.826	-0.281
1961.854	-0.237
1961.881	-0.207
1961.908	-0.177
1961.936	-0.218
1961.963	-0.283
1961.990	-0.347
1962.018	-0.349
1962.045	-0.317
1962.073	-0.285
1962.100	-0.262
1962.127	-0.248
1962.155	-0.234
1962.182	-0.225
1962.209	-0.219
1962.237	-0.212
1962.264	-0.219
1962.292	-0.232
1962.319	-0.245
1962.346	-0.200
1962.374	-0.123
1962.401	-0.046
1962.428	0.013
1962.456	0.057
1962.483	0.100
1962.511	0.106
1962.538	0.080
1962.565	0.055
1962.593	-0.006
1962.620	-0.113
1962.648	-0.219
1962.675	-0.299
1962.702	-0.326
1962.730	-0.352
1962.757	-0.376
1962.784	-0.396
1962.812	-0.415
1962.839	-0.438
1962.867	-0.475
1962.894	-0.512
1962.921	-0.536
1962.949	-0.520
1962.976	-0.504
1963.003	-0.482
1963.031	-0.414
1963.058	-0.346
1963.086	-0.278
1963.113	-0.170
1963.140	-0.063
1963.168	0.029
1963.195	0.067
1963.222	0.106
1963.250	0.146
1963.277	0.196
1963.305	0.246
1963.332	0.297
1963.359	0.355
1963.387	0.413
1963.414	0.473
1963.441	0.656
1963.469	0.839
1963.496	1.020
1963.524	1.036
1963.551	1.052
1963.578	1.069
1963.606	1.082
1963.633	1.095
1963.661	1.108
1963.688	1.094
1963.715	1.074
1963.743	1.054
1963.770	1.045
1963.797	1.038
1963.825	1.032
1963.852	1.077
1963.880	1.144
1963.907	1.210
1963.934	1.146
1963.962	1.027
1963.989	0.908
1964.016	0.775
1964.044	0.632
1964.071	0.490
1964.099	0.296
1964.126	0.050
1964.153	-0.195
1964.181	-0.298
1964.208	-0.311
1964.235	-0.324
1964.263	-0.375
1964.290	-0.462
1964.318	-0.549
1964.345	-0.617
1964.372	-0.669
1964.400	-0.721
1964.427	-0.751
1964.454	-0.755
1964.482	-0.758
1964.509	-0.737
1964.537	-0.686
1964.564	-0.634
1964.591	-0.627
1964.619	-0.704
1964.646	-0.782
1964.674	-0.843
1964.701	-0.857
1964.728	-0.870
1964.756	-0.896
1964.783	-0.957
1964.810	-1.019
1964.838	-1.070
1964.865	-1.070
1964.893	-1.070
1964.920	-1.050
1964.947	-0.930
1964.975	-0.811
1965.002	-0.692
1965.029	-0.579
1965.057	-0.466
1965.084	-0.353
1965.112	-0.353
1965.139	-0.357
1965.166	-0.344
1965.194	-0.251
1965.221	-0.157
1965.248	-0.056
1965.276	0.151
1965.303	0.357
1965.331	0.554
1965.358	0.615
1965.385	0.677
1965.413	0.738
1965.440	0.807
1965.467	0.877
1965.495	0.947
1965.522	1.056
1965.550	1.165
1965.577	1.275
1965.604	1.351
1965.632	1.422
1965.659	1.493
1965.687	1.550
1965.714	1.604
1965.741	1.657
1965.769	1.680
1965.796	1.693
1965.823	1.706
1965.851	1.686
1965.878	1.649
1965.906	1.613
1965.933	1.552
1965.960	1.478
1965.988	1.403
1966.015	1.299
1966.042	1.170
1966.070	1.041
1966.097	0.967
1966.125	0.960
1966.152	0.953
1966.179	0.892
1966.207	0.801
1966.234	0.711
1966.261	0.599
1966.289	0.469
1966.316	0.340
1966.344	0.320
1966.371	0.394
1966.398	0.468
1966.426	0.516
1966.453	0.529
1966.480	0.543
1966.508	0.491
1966.535	0.355
1966.563	0.220
1966.590	0.139
1966.617	0.164
1966.645	0.190
1966.672	0.202
1966.700	0.169
1966.727	0.136
1966.754	0.105
1966.782	0.082
1966.809	0.060
1966.836	0.032
1966.864	-0.031
1966.891	-0.095
1966.919	-0.160
1966.946	-0.241
1966.973	-0.321
1967.001	-0.399
1967.028	-0.377
1967.055	-0.354
1967.083	-0.332
1967.110	-0.337
1967.138	-0.344
1967.165	-0.359
1967.192	-0.437
1967.220	-0.514
1967.247	-0.588
1967.274	-0.492
1967.302	-0.395
1967.329	-0.298
1967.357	-0.156
1967.384	-0.014
1967.411	0.128
1967.439	0.149
1967.466	0.159
1967.493	0.169
1967.521	0.038
1967.548	-0.107
1967.576	-0.253
1967.603	-0.353
1967.630	-0.443
1967.658	-0.534
1967.685	-0.541
1967.713	-0.514
1967.740	-0.488
1967.767	-0.453
1967.795	-0.414
1967.822	-0.375
1967.849	-0.392
1967.877	-0.445
1967.904	-0.499
1967.932	-0.561
1967.959	-0.628
1967.986	-0.696
1968.014	-0.743
1968.041	-0.769
1968.068	-0.795
1968.096	-0.792
1968.123	-0.747
1968.151	-0.702
1968.178	-0.642
1968.205	-0.568
1968.233	-0.493
1968.260	-0.421
1968.287	-0.350
1968.315	-0.280
1968.342	-0.153
1968.370	0.050
1968.397	0.254
1968.424	0.420
1968.452	0.510
1968.479	0.600
1968.507	0.635
1968.534	0.561
1968.561	0.486
1968.589	0.406
1968.616	0.309
1968.643	0.212
1968.671	0.138
1968.698	0.188
1968.726	0.238
1968.753	0.303
1968.780	0.452
1968.808	0.601
1968.835	0.742
1968.862	0.768
1968.890	0.795
1968.917	0.831
1968.945	0.993
1968.972	1.154
1968.999	1.316
1969.027	1.235
1969.054	1.148
1969.081	1.061
1969.109	0.891
1969.136	0.709
1969.164	0.535
1969.191	0.471
1969.218	0.406
1969.246	0.342
1969.273	0.476
1969.300	0.615
1969.328	0.755
1969.355	0.691
1969.383	0.621
1969.410	0.550
1969.437	0.488
1969.465	0.428
1969.492	0.368
1969.520	0.357
1969.547	0.354
1969.574	0.351
1969.602	0.443
1969.629	0.566
1969.656	0.688
1969.684	0.756
1969.711	0.796
1969.739	0.836
1969.766	0.848
1969.793	0.845
1969.821	0.841
1969.848	0.857
1969.875	0.887
1969.903	0.917
1969.930	0.937
1969.958	0.950
1969.985	0.963
1970.012	0.947
1970.040	0.895
1970.067	0.844
1970.094	0.781
1970.122	0.699
1970.149	0.617
1970.177	0.585
1970.204	0.595
1970.231	0.605
1970.259	0.575
1970.286	0.495
1970.313	0.415
1970.341	0.283
1970.368	0.086
1970.396	-0.110
1970.423	-0.311
1970.450	-0.521
1970.478	-0.731
1970.505	-0.885
1970.533	-0.930
1970.560	-0.975
1970.587	-1.009
1970.615	-1.006
1970.642	-1.003
1970.669	-0.995
1970.697	-0.955
1970.724	-0.915
1970.752	-0.892
1970.779	-0.986
1970.806	-1.079
1970.834	-1.174
1970.861	-1.311
1970.888	-1.447
1970.916	-1.580
1970.943	-1.563
1970.971	-1.547
1970.998	-1.531
1971.025	-1.458
1971.053	-1.381
1971.080	-1.304
1971.107	-1.287
1971.135	-1.283
1971.162	-1.277
1971.190	-1.119
1971.217	-0.961
1971.244	-0.803
1971.272	-0.735
1971.299	-0.675
1971.326	-0.615
1971.354	-0.645
1971.381	-0.684
1971.409	-0.723
1971.436	-0.646
1971.463	-0.543
1971.491	-0.439
1971.518	-0.402
1971.546	-0.379
1971.573	-0.357
1971.600	-0.430
1971.628	-0.543
1971.655	-0.656
1971.682	-0.730
1971.710	-0.780
1971.737	-0.830
1971.765	-0.850
1971.792	-0.850
1971.819	-0.850
1971.847	-0.872
1971.874	-0.915
1971.901	-0.958
1971.929	-0.904
1971.956	-0.752
1971.984	-0.601
1972.011	-0.482
1972.038	-0.410
1972.066	-0.339
1972.093	-0.273
1972.120	-0.218
1972.148	-0.162
1972.175	-0.081
1972.203	0.039
1972.230	0.159
1972.257	0.259
1972.285	0.319
1972.312	0.379
1972.339	0.459
1972.367	0.578
1972.394	0.698
1972.422	0.800
1972.449	0.843
1972.476	0.887
1972.504	0.953
1972.531	1.092
1972.559	1.231
1972.586	1.350
1972.613	1.350
1972.641	1.350
1972.668	1.359
1972.695	1.539
1972.723	1.720
1972.750	1.896
1972.778	2.003
1972.805	2.109
1972.832	2.216
1972.860	2.172
1972.887	2.122
1972.914	2.072
1972.942	1.901
1972.969	1.726
1972.997	1.552
1973.024	1.488
1973.051	1.439
1973.079	1.391
1973.106	1.217
1973.133	1.007
1973.161	0.796
1973.188	0.577
1973.216	0.358
1973.243	0.139
1973.270	-0.165
1973.298	-0.481
1973.325	-0.798
1973.352	-0.913
1973.380	-0.996
1973.407	-1.080
1973.435	-1.052
1973.462	-0.988
1973.489	-0.925
1973.517	-1.055
1973.544	-1.245
1973.572	-1.435
1973.599	-1.455
1973.626	-1.388
1973.654	-1.320
1973.681	-1.368
1973.708	-1.508
1973.736	-1.648
1973.763	-1.821
1973.791	-2.021
1973.818	-2.221
1973.845	-2.312
1973.873	-2.272
1973.900	-2.232
1973.927	-2.169
1973.955	-2.079
1973.982	-1.989
1974.010	-1.909
1974.037	-1.847
1974.064	-1.786
1974.092	-1.692
1974.119	-1.500
1974.146	-1.307
1974.174	-1.171
1974.201	-1.107
1974.229	-1.042
1974.256	-0.958
1974.283	-0.834
1974.311	-0.711
1974.338	-0.601
1974.366	-0.518
1974.393	-0.434
1974.420	-0.411
1974.448	-0.581
1974.475	-0.750
1974.502	-0.839
1974.530	-0.669
1974.557	-0.498
1974.585	-0.349
1974.612	-0.339
1974.639	-0.329
1974.667	-0.323
1974.694	-0.420
1974.721	-0.516
1974.749	-0.613
1974.776	-0.716
1974.804	-0.820
1974.831	-0.923
1974.858	-0.856
1974.886	-0.776
1974.913	-0.696
1974.940	-0.535
1974.968	-0.367
1974.995	-0.199
1975.023	-0.250
1975.050	-0.346
1975.077	-0.443
1975.105	-0.542
1975.132	-0.642
1975.159	-0.742
1975.187	-0.685
1975.214	-0.614
1975.242	-0.543
1975.269	-0.585
1975.296	-0.651
1975.324	-0.718
1975.351	-0.812
1975.379	-0.912
1975.406	-1.011
1975.433	-1.057
1975.461	-1.080
1975.488	-1.103
1975.515	-1.092
1975.543	-1.066
1975.570	-1.040
1975.598	-1.012
1975.625	-0.983
1975.652	-0.954
1975.680	-1.015
1975.707	-1.161
1975.734	-1.308
1975.762	-1.395
1975.789	-1.424
1975.817	-1.453
1975.844	-1.496
1975.871	-1.559
1975.899	-1.622
1975.926	-1.681
1975.953	-1.732
1975.981	-1.784
1976.008	-1.765
1976.036	-1.580
1976.063	-1.396
1976.090	-1.201
1976.118	-0.962
1976.145	-0.724
1976.172	-0.533
1976.200	-0.445
1976.227	-0.358
1976.255	-0.291
1976.282	-0.294
1976.309	-0.297
1976.337	-0.275
1976.364	-0.165
1976.392	-0.055
1976.419	0.041
1976.446	0.048
1976.474	0.054
1976.501	0.080
1976.528	0.229
1976.556	0.378
1976.583	0.525
1976.611	0.638
1976.638	0.751
1976.665	0.864
1976.693	0.876
1976.720	0.883
1976.747	0.890
1976.775	0.868
1976.802	0.846
1976.830	0.823
1976.857	0.794
1976.884	0.764
1976.912	0.734
1976.939	0.786
1976.966	0.851
1976.994	0.915
1977.021	0.803
1977.049	0.638
1977.076	0.474
1977.103	0.382
1977.131	0.324
1977.158	0.267
1977.185	0.162
1977.213	0.049
1977.240	-0.064
1977.268	0.043
1977.295	0.216
1977.322	0.390
1977.350	0.484
1977.377	0.555
1977.405	0.626
1977.432	0.610
1977.459	0.550
1977.487	0.490
1977.514	0.414
1977.541	0.331
1977.569	0.247
1977.596	0.228
1977.624	0.260
1977.651	0.293
1977.678	0.357
1977.706	0.461
1977.733	0.564
1977.760	0.682
1977.788	0.817
1977.815	0.953
1977.843	1.039
1977.870	1.035
1977.897	1.032
1977.925	1.012
1977.952	0.960
1977.979	0.909
1978.007	0.836
1978.034	0.701
1978.062	0.565
1978.089	0.440
1978.116	0.372
1978.144	0.304
1978.171	0.196
1978.198	0.013
1978.226	-0.171
1978.253	-0.297
1978.281	-0.244
1978.308	-0.190
1978.335	-0.167
1978.363	-0.238
1978.390	-0.309
1978.418	-0.367
1978.445	-0.347
1978.472	-0.327
1978.500	-0.318
1978.527	-0.372
1978.554	-0.427
1978.582	-0.478
1978.609	-0.433
1978.637	-0.388
1978.664	-0.343
1978.691	-0.446
1978.719	-0.559
1978.746	-0.672
1978.773	-0.503
1978.801	-0.313
1978.828	-0.122
1978.856	-0.076
1978.883	-0.060
1978.910	-0.043
1978.938	0.003
1978.965	0.054
1978.992	0.106
1979.020	0.129
1979.047	0.142
1979.075	0.155
1979.102	0.182
1979.129	0.218
1979.157	0.254
1979.184	0.300
1979.211	0.348
1979.239	0.396
1979.266	0.376
1979.294	0.330
1979.321	0.283
1979.348	0.263
1979.376	0.253
1979.403	0.244
1979.431	0.152
1979.458	0.009
1979.485	-0.135
1979.513	-0.143
1979.540	-0.065
1979.567	0.012
1979.595	0.145
1979.622	0.332
1979.650	0.519
1979.677	0.567
1979.704	0.414
1979.732	0.261
1979.759	0.174
1979.786	0.184
1979.814	0.193
1979.841	0.247
1979.869	0.400
1979.896	0.553
1979.923	0.647
1979.951	0.605
1979.978	0.564
1980.005	0.518
1980.033	0.456
1980.060	0.395
1980.088	0.336
1980.115	0.298
1980.142	0.260
1980.170	0.242
1980.197	0.297
1980.225	0.352
1980.252	0.393
1980.279	0.333
1980.307	0.273
1980.334	0.233
1980.361	0.336
1980.389	0.440
1980.416	0.535
1980.444	0.388
1980.471	0.241
1980.498	0.100
1980.526	0.087
1980.553	0.074
1980.580	0.061
1980.608	0.057
1980.635	0.054
1980.663	0.050
1980.690	-0.004
1980.717	-0.067
1980.745	-0.131
1980.772	-0.068
1980.799	0.016
1980.827	0.100
1980.854	0.199
1980.882	0.302
1980.909	0.406
1980.936	0.221
1980.964	-0.050
1980.991	-0.322
1981.018	-0.430
1981.046	-0.459
1981.073	-0.488
1981.101	-0.426
1981.128	-0.298
1981.155	-0.169
1981.183	-0.224
1981.210	-0.334
1981.238	-0.444
1981.265	-0.415
1981.292	-0.319
1981.320	-0.222
1981.347	-0.190
1981.374	-0.190
1981.402	-0.190
1981.429	-0.271
1981.457	-0.414
1981.484	-0.557
1981.511	-0.605
1981.539	-0.580
1981.566	-0.554
1981.593	-0.479
1981.621	-0.347
1981.648	-0.215
1981.676	-0.131
1981.703	-0.135
1981.730	-0.138
1981.758	-0.204
1981.785	-0.385
1981.812	-0.565
1981.840	-0.658
1981.867	-0.491
1981.895	-0.325
1981.922	-0.172
1981.949	-0.059
1981.977	0.054
1982.004	0.142
1982.031	0.087
1982.059	0.032
1982.086	-0.020
1982.114	-0.020
1982.141	-0.020
1982.168	0.001
1982.196	0.084
1982.223	0.168
1982.251	0.262
1982.278	0.411
1982.305	0.561
1982.333	0.709
1982.360	0.841
1982.387	0.973
1982.415	1.097
1982.442	1.024
1982.470	0.951
1982.497	0.883
1982.524	0.957
1982.552	1.031
1982.579	1.105
1982.606	1.194
1982.634	1.285
1982.661	1.375
1982.689	1.545
1982.716	1.732
1982.743	1.919
1982.771	2.006
1982.798	2.074
1982.825	2.142
1982.853	2.277
1982.880	2.436
1982.908	2.596
1982.935	2.675
1982.962	2.724
1982.990	2.772
1983.017	2.713
1983.044	2.591
1983.072	2.468
1983.099	2.298
1983.127	2.084
1983.154	1.870
1983.181	1.652
1983.209	1.433
1983.236	1.214
1983.264	1.111
1983.291	1.081
1983.318	1.051
1983.346	0.951
1983.373	0.805
1983.400	0.660
1983.428	0.463
1983.455	0.217
1983.483	-0.030
1983.510	-0.173
1983.537	-0.218
1983.565	-0.263
1983.592	-0.289
1983.619	-0.285
1983.647	-0.282
1983.674	-0.335
1983.702	-0.515
1983.729	-0.695
1983.756	-0.845
1983.784	-0.925
1983.811	-1.006
1983.838	-1.064
1983.866	-1.034
1983.893	-1.004
1983.921	-0.977
1983.948	-0.961
1983.975	-0.945
1984.003	-0.911
1984.030	-0.717
1984.057	-0.523
1984.085	-0.330
1984.112	-0.340
1984.140	-0.351
1984.167	-0.361
1984.194	-0.371
1984.222	-0.380
1984.249	-0.390
1984.277	-0.414
1984.304	-0.437
1984.331	-0.463
1984.359	-0.569
1984.386	-0.676
1984.413	-0.783
1984.441	-0.694
1984.468	-0.590
1984.496	-0.486
1984.523	-0.480
1984.550	-0.480
1984.578	-0.480
1984.605	-0.428
1984.632	-0.367
1984.660	-0.305
1984.687	-0.408
1984.715	-0.565
1984.742	-0.722
1984.769	-0.877
1984.797	-1.032
1984.824	-1.188
1984.851	-1.313
1984.879	-1.423
1984.906	-1.533
1984.934	-1.477
1984.961	-1.338
1984.988	-1.199
1985.016	-1.123
1985.043	-1.094
1985.070	-1.065
1985.098	-1.040
1985.125	-1.018
1985.153	-0.997
1985.180	-0.988
1985.207	-0.985
1985.235	-0.981
1985.262	-0.935
1985.290	-0.855
1985.317	-0.775
1985.344	-0.749
1985.372	-0.765
1985.399	-0.781
1985.426	-0.750
1985.454	-0.663
1985.481	-0.577
1985.509	-0.499
1985.536	-0.431
1985.563	-0.363
1985.591	-0.337
1985.618	-0.386
1985.645	-0.434
1985.673	-0.473
1985.700	-0.483
1985.728	-0.493
1985.755	-0.497
1985.782	-0.484
1985.810	-0.471
1985.837	-0.460
1985.864	-0.460
1985.892	-0.460
1985.919	-0.476
1985.947	-0.579
1985.974	-0.682
1986.001	-0.780
1986.029	-0.780
1986.056	-0.780
1986.084	-0.780
1986.111	-0.709
1986.138	-0.634
1986.166	-0.559
1986.193	-0.485
1986.220	-0.411
1986.248	-0.340
1986.275	-0.343
1986.303	-0.347
1986.330	-0.345
1986.357	-0.219
1986.385	-0.093
1986.412	0.032
1986.439	0.074
1986.467	0.111
1986.494	0.148
1986.522	0.204
1986.549	0.262
1986.576	0.320
1986.604	0.405
1986.631	0.496
1986.658	0.586
1986.686	0.676
1986.713	0.766
1986.741	0.856
1986.768	0.927
1986.795	0.992
1986.823	1.056
1986.850	1.090
1986.877	1.107
1986.905	1.124
1986.932	1.172
1986.960	1.240
1986.987	1.308
1987.014	1.333
1987.042	1.320
1987.069	1.307
1987.097	1.292
1987.124	1.275
1987.151	1.257
1987.179	1.204
1987.206	1.130
1987.233	1.056
1987.261	0.999
1987.288	0.959
1987.316	0.919
1987.343	0.980
1987.370	1.135
1987.398	1.289
1987.425	1.408
1987.452	1.474
1987.480	1.541
1987.507	1.604
1987.535	1.662
1987.562	1.720
1987.589	1.751
1987.617	1.722
1987.644	1.693
1987.671	1.650
1987.699	1.553
1987.726	1.457
1987.754	1.377
1987.781	1.364
1987.808	1.352
1987.836	1.329
1987.863	1.226
1987.890	1.123
1987.918	1.021
1987.945	0.931
1987.973	0.840
1988.000	0.750
1988.027	0.669
1988.055	0.588
1988.082	0.508
1988.110	0.372
1988.137	0.230
1988.164	0.088
1988.192	-0.090
1988.219	-0.268
1988.246	-0.446
1988.274	-0.739
1988.301	-1.043
1988.329	-1.347
1988.356	-1.421
1988.383	-1.476
1988.411	-1.531
1988.438	-1.571
1988.465	-1.607
1988.493	-1.644
1988.520	-1.631
1988.548	-1.608
1988.575	-1.586
1988.602	-1.510
1988.630	-1.417
1988.657	-1.323
1988.684	-1.459
1988.712	-1.720
1988.739	-1.980
1988.767	-2.136
1988.794	-2.236
1988.821	-2.336
1988.849	-2.354
1988.876	-2.307
1988.903	-2.260
1988.931	-2.203
1988.958	-2.139
1988.986	-2.074
1989.013	-1.940
1989.040	-1.731
1989.068	-1.521
1989.095	-1.381
1989.123	-1.356
1989.150	-1.331
1989.177	-1.278
1989.205	-1.204
1989.232	-1.129
1989.259	-1.038
1989.287	-0.929
1989.314	-0.819
1989.342	-0.746
1989.369	-0.717
1989.396	-0.688
1989.424	-0.647
1989.451	-0.584
1989.478	-0.520
1989.506	-0.481
1989.533	-0.484
1989.561	-0.488
1989.588	-0.488
1989.615	-0.482
1989.643	-0.475
1989.670	-0.468
1989.697	-0.455
1989.725	-0.441
1989.752	-0.429
1989.780	-0.423
1989.807	-0.416
1989.834	-0.406
1989.862	-0.333
1989.889	-0.259
1989.916	-0.187
1989.944	-0.132
1989.971	-0.078
1989.999	-0.023
1990.026	0.057
1990.053	0.137
1990.081	0.218
1990.108	0.233
1990.136	0.237
1990.163	0.240
1990.190	0.240
1990.218	0.240
1990.245	0.240
1990.272	0.231
1990.300	0.221
1990.327	0.211
1990.355	0.125
1990.382	0.035
1990.409	-0.056
1990.437	-0.042
1990.464	-0.009
1990.491	0.025
1990.519	0.084
1990.546	0.148
1990.574	0.213
1990.601	0.183
1990.628	0.118
1990.656	0.054
1990.683	0.085
1990.710	0.171
1990.738	0.258
1990.765	0.245
1990.793	0.174
1990.820	0.103
1990.847	0.118
1990.875	0.208
1990.902	0.297
1990.930	0.357
1990.957	0.389
1990.984	0.421
1991.012	0.408
1991.039	0.334
1991.066	0.260
1991.094	0.189
1991.121	0.125
1991.149	0.061
1991.176	0.059
1991.203	0.113
1991.231	0.168
1991.258	0.242
1991.285	0.342
1991.313	0.442
1991.340	0.528
1991.368	0.596
1991.395	0.664
1991.422	0.709
1991.450	0.706
1991.477	0.702
1991.504	0.692
1991.532	0.666
1991.559	0.640
1991.587	0.602
1991.614	0.515
1991.641	0.428
1991.669	0.371
1991.696	0.568
1991.723	0.764
1991.751	0.949
1991.778	1.036
1991.806	1.123
1991.833	1.211
1991.860	1.407
1991.888	1.604
1991.915	1.800
1991.943	1.813
1991.970	1.826
1991.997	1.839
1992.025	1.860
1992.052	1.883
1992.079	1.906
1992.107	1.826
1992.134	1.723
1992.162	1.619
1992.189	1.536
1992.216	1.455
1992.244	1.375
1992.271	1.300
1992.298	1.226
1992.326	1.153
1992.353	0.935
1992.381	0.686
1992.408	0.437
1992.435	0.355
1992.463	0.335
1992.490	0.315
1992.517	0.193
1992.545	0.035
1992.572	-0.124
1992.600	-0.192
1992.627	-0.212
1992.654	-0.231
1992.682	-0.260
1992.709	-0.297
1992.736	-0.334
1992.764	-0.312
1992.791	-0.244
1992.819	-0.176
1992.846	-0.094
1992.873	0.007
1992.901	0.107
1992.928	0.154
1992.956	0.141
1992.983	0.128
1993.010	0.136
1993.038	0.178
1993.065	0.220
1993.092	0.269
1993.120	0.336
1993.147	0.404
1993.175	0.496
1993.202	0.615
1993.229	0.735
1993.257	0.830
1993.284	0.883
1993.311	0.936
1993.339	0.930
1993.366	0.820
1993.394	0.711
1993.421	0.604
1993.448	0.504
1993.476	0.404
1993.503	0.304
1993.530	0.204
1993.558	0.104
1993.585	0.029
1993.613	0.087
1993.640	0.145
1993.667	0.201
1993.695	0.214
1993.722	0.227
1993.749	0.240
1993.777	0.247
1993.804	0.253
1993.832	0.260
1993.859	0.238
1993.886	0.214
1993.914	0.191
1993.941	0.141
1993.969	0.089
1993.996	0.038
1994.023	-0.014
1994.051	-0.065
1994.078	-0.117
1994.105	-0.082
1994.133	-0.018
1994.160	0.047
1994.188	0.071
1994.215	0.094
1994.242	0.116
1994.270	0.140
1994.297	0.163
1994.324	0.186
1994.352	0.231
1994.379	0.279
1994.407	0.327
1994.434	0.288
1994.461	0.218
1994.489	0.148
1994.516	0.225
1994.543	0.354
1994.571	0.483
1994.598	0.479
1994.626	0.398
1994.653	0.318
1994.680	0.372
1994.708	0.546
1994.735	0.719
1994.762	0.872
1994.790	1.007
1994.817	1.143
1994.845	1.231
1994.872	1.258
1994.899	1.285
1994.927	1.256
1994.954	1.153
1994.982	1.050
1995.009	0.954
1995.036	0.873
1995.064	0.793
1995.091	0.705
1995.118	0.590
1995.146	0.476
1995.173	0.375
1995.201	0.291
1995.228	0.207
1995.255	0.121
1995.283	0.031
1995.310	-0.059
1995.337	-0.114
1995.365	-0.095
1995.392	-0.075
1995.420	-0.071
1995.447	-0.121
1995.474	-0.171
1995.502	-0.229
1995.529	-0.319
1995.556	-0.410
1995.584	-0.500
1995.611	-0.587
1995.639	-0.674
1995.666	-0.761
1995.693	-0.847
1995.721	-0.934
1995.748	-1.020
1995.775	-1.010
1995.803	-1.001
1995.830	-0.991
1995.858	-0.993
1995.885	-0.996
1995.912	-1.000
1995.940	-0.951
1995.967	-0.896
1995.995	-0.841
1996.022	-0.840
1996.049	-0.853
1996.077	-0.866
1996.104	-0.804
1996.131	-0.711
1996.159	-0.618
1996.186	-0.553
1996.214	-0.495
1996.241	-0.436
1996.268	-0.434
1996.296	-0.454
1996.323	-0.474
1996.350	-0.445
1996.378	-0.396
1996.405	-0.348
1996.433	-0.288
1996.460	-0.221
1996.487	-0.154
1996.515	-0.157
1996.542	-0.199
1996.569	-0.241
1996.597	-0.279
1996.624	-0.315
1996.652	-0.350
1996.679	-0.382
1996.706	-0.409
1996.734	-0.435
1996.761	-0.451
1996.789	-0.455
1996.816	-0.458
1996.843	-0.471
1996.871	-0.501
1996.898	-0.531
1996.925	-0.557
1996.953	-0.577
1996.980	-0.596
1997.008	-0.588
1997.035	-0.507
1997.062	-0.427
1997.090	-0.350
1997.117	-0.289
1997.144	-0.228
1997.172	-0.137
1997.199	0.004
1997.227	0.146
1997.254	0.295
1997.281	0.461
1997.309	0.628
1997.336	0.796
1997.363	0.971
1997.391	1.145
1997.418	1.312
1997.446	1.449
1997.473	1.586
1997.500	1.717
1997.528	1.820
1997.555	1.923
1997.582	2.024
1997.610	2.085
1997.637	2.146
1997.665	2.207
1997.692	2.315
1997.719	2.425
1997.747	2.535
1997.774	2.580
1997.802	2.622
1997.829	2.664
1997.856	2.676
1997.884	2.682
1997.911	2.689
1997.938	2.646
1997.966	2.594
1997.993	2.543
1998.021	2.436
1998.048	2.310
1998.075	2.184
1998.103	1.980
1998.130	1.734
1998.157	1.488
1998.185	1.267
1998.212	1.051
1998.240	0.835
1998.267	0.740
1998.294	0.687
1998.322	0.634
1998.349	0.249
1998.376	-0.250
1998.404	-0.750
1998.431	-1.005
1998.459	-1.121
1998.486	-1.238
1998.513	-1.290
1998.541	-1.306
1998.568	-1.323
1998.595	-1.292
1998.623	-1.221
1998.650	-1.150
1998.678	-1.145
1998.705	-1.225
1998.732	-1.305
1998.760	-1.367
1998.787	-1.405
1998.815	-1.444
1998.842	-1.504
1998.869	-1.607
1998.897	-1.711
1998.924	-1.768
1998.951	-1.733
1998.979	-1.697
1999.006	-1.644
1999.034	-1.528
1999.061	-1.412
1999.088	-1.295
1999.116	-1.174
1999.143	-1.052
1999.170	-0.967
1999.198	-0.957
1999.225	-0.948
1999.253	-0.936
1999.280	-0.916
1999.307	-0.896
1999.335	-0.892
1999.362	-0.947
1999.389	-1.001
1999.417	-1.043
1999.444	-0.983
1999.472	-0.923
1999.499	-0.883
1999.526	-0.999
1999.554	-1.115
1999.581	-1.229
1999.608	-1.158
1999.636	-1.087
1999.663	-1.016
1999.691	-1.022
1999.718	-1.035
1999.745	-1.049
1999.773	-1.190
1999.800	-1.345
1999.828	-1.500
1999.855	-1.568
1999.882	-1.614
1999.910	-1.661
1999.937	-1.735
1999.964	-1.815
1999.992	-1.896
2000.019	-1.832
2000.047	-1.706
2000.074	-1.580
2000.101	-1.448
2000.129	-1.314
2000.156	-1.179
2000.183	-1.055
2000.211	-0.935
2000.238	-0.816
2000.266	-0.762
2000.293	-0.748
2000.320	-0.735
2000.348	-0.708
2000.375	-0.672
2000.402	-0.637
2000.430	-0.599
2000.457	-0.559
2000.485	-0.519
2000.512	-0.477
2000.539	-0.435
2000.567	-0.393
2000.594	-0.390
2000.621	-0.435
2000.649	-0.481
2000.676	-0.536
2000.704	-0.609
2000.731	-0.683
2000.758	-0.746
2000.786	-0.791
2000.813	-0.837
2000.841	-0.880
2000.868	-0.916
2000.895	-0.953
2000.923	-0.967
2000.950	-0.918
2000.977	-0.870
2001.005	-0.818
2001.032	-0.747
2001.060	-0.676
2001.087	-0.604
2001.114	-0.522
2001.142	-0.440
2001.169	-0.370
2001.196	-0.331
2001.224	-0.292
2001.251	-0.259
2001.279	-0.256
2001.306	-0.253
2001.333	-0.235
2001.361	-0.145
2001.388	-0.054
2001.415	0.032
2001.443	0.055
2001.470	0.078
2001.498	0.099
2001.525	0.083
2001.552	0.067
2001.580	0.051
2001.607	-0.018
2001.634	-0.089
2001.662	-0.160
2001.689	-0.150
2001.717	-0.127
2001.744	-0.103
2001.771	-0.128
2001.799	-0.160
2001.826	-0.192
2001.854	-0.250
2001.881	-0.317
2001.908	-0.383
2001.936	-0.320
2001.963	-0.214
2001.990	-0.107
2002.018	-0.007
2002.045	0.090
2002.073	0.186
2002.100	0.205
2002.127	0.158
2002.155	0.112
2002.182	0.114
2002.209	0.134
2002.237	0.153
2002.264	0.190
2002.292	0.237
2002.319	0.283
2002.346	0.399
2002.374	0.554
2002.401	0.709
2002.428	0.776
2002.456	0.770
2002.483	0.763
2002.511	0.796
2002.538	0.864
2002.565	0.932
2002.593	0.990
2002.620	1.035
2002.648	1.080
2002.675	1.138
2002.702	1.221
2002.730	1.304
2002.757	1.388
2002.784	1.472
2002.812	1.555
2002.839	1.612
2002.867	1.579
2002.894	1.546
2002.921	1.496
2002.949	1.389
2002.976	1.283
2003.003	1.173
2003.031	1.038
2003.058	0.902
2003.086	0.769
2003.113	0.704
2003.140	0.640
2003.168	0.550
2003.195	0.370
2003.222	0.189
2003.250	0.010
2003.277	-0.160
2003.305	-0.330
2003.332	-0.468
2003.359	-0.368
2003.387	-0.268
2003.414	-0.168
2003.441	-0.042
2003.469	0.085
2003.496	0.209
2003.524	0.151
2003.551	0.093
2003.578	0.035
2003.606	0.092
2003.633	0.159
2003.661	0.227
2003.688	0.310
2003.715	0.397
2003.743	0.483
2003.770	0.474
2003.797	0.442
2003.825	0.410
2003.852	0.381
2003.880	0.355
2003.907	0.328
2003.934	0.286
2003.962	0.238
2003.989	0.189
2004.016	0.164
2004.044	0.154
2004.071	0.145
2004.099	0.095
2004.126	0.005
2004.153	-0.085
2004.181	-0.084
2004.208	-0.026
2004.235	0.032
2004.263	0.086
2004.290	0.136
2004.318	0.186
2004.345	0.193
2004.372	0.161
2004.400	0.128
2004.427	0.162
2004.454	0.282
2004.482	0.402
2004.509	0.505
2004.537	0.586
2004.564	0.667
2004.591	0.723
2004.619	0.733
2004.646	0.743
2004.674	0.745
2004.701	0.725
2004.728	0.705
2004.756	0.688
2004.783	0.678
2004.810	0.668
2004.838	0.664
2004.865	0.691
2004.893	0.718
2004.920	0.729
2004.947	0.661
2004.975	0.593
2005.002	0.523
2005.029	0.430
2005.057	0.336
2005.084	0.243
2005.112	0.271
2005.139	0.303
2005.166	0.328
2005.194	0.315
2005.221	0.302
2005.248	0.291
2005.276	0.311
2005.303	0.331
2005.331	0.351
2005.358	0.367
2005.385	0.383
2005.413	0.399
2005.440	0.352
2005.467	0.302
2005.495	0.252
2005.522	0.191
2005.550	0.130
2005.577	0.069
2005.604	0.018
2005.632	-0.030
2005.659	-0.078
2005.687	-0.052
2005.714	-0.002
2005.741	0.048
2005.769	-0.030
2005.796	-0.149
2005.823	-0.269
2005.851	-0.391
2005.878	-0.514
2005.906	-0.637
2005.933	-0.733
2005.960	-0.813
2005.988	-0.894
2006.015	-0.879
2006.042	-0.785
2006.070	-0.692
2006.097	-0.642
2006.125	-0.645
2006.152	-0.649
2006.179	-0.554
2006.207	-0.406
2006.234	-0.258
2006.261	-0.145
2006.289	-0.061
2006.316	0.022
2006.344	0.084
2006.371	0.130
2006.398	0.175
2006.426	0.190
2006.453	0.166
2006.480	0.143
2006.508	0.168
2006.535	0.255
2006.563	0.342
2006.590	0.424
2006.617	0.495
2006.645	0.566
2006.672	0.632
2006.700	0.686
2006.727	0.739
2006.754	0.802
2006.782	0.899
2006.809	0.996
2006.836	1.085
2006.864	1.121
2006.891	1.158
2006.919	1.170
2006.946	1.008
2006.973	0.847
2007.001	0.685
2007.028	0.492
2007.055	0.298
2007.083	0.105
2007.110	0.047
2007.138	0.001
2007.165	-0.038
2007.192	-0.026
2007.220	-0.013
2007.247	-0.002
2007.274	-0.095
2007.302	-0.188
2007.329	-0.279
2007.357	-0.221
2007.384	-0.163
2007.411	-0.105
2007.439	-0.201
2007.466	-0.310
2007.493	-0.420
2007.521	-0.486
2007.548	-0.547
2007.576	-0.608
2007.603	-0.706
2007.630	-0.813
2007.658	-0.919
2007.685	-1.073
2007.713	-1.246
2007.740	-1.419
2007.767	-1.497
2007.795	-1.536
2007.822	-1.575
2007.849	-1.592
2007.877	-1.595
2007.904	-1.599
2007.932	-1.650
2007.959	-1.734
2007.986	-1.818
2008.014	-1.865
2008.041	-1.875
2008.068	-1.884
2008.096	-1.786
2008.123	-1.530
2008.151	-1.275
2008.178	-1.117
2008.205	-1.052
2008.233	-0.988
2008.260	-0.911
2008.287	-0.817
2008.315	-0.724
2008.342	-0.644
2008.370	-0.582
2008.397	-0.521
2008.424	-0.430
2008.452	-0.280
2008.479	-0.130
2008.507	-0.023
2008.534	-0.004
2008.561	0.015
2008.589	0.006
2008.616	-0.095
2008.643	-0.195
2008.671	-0.284
2008.698	-0.311
2008.726	-0.337
2008.753	-0.359
2008.780	-0.356
2008.808	-0.353
2008.835	-0.360
2008.862	-0.520
2008.890	-0.681
2008.917	-0.834
2008.945	-0.899
2008.972	-0.964
2008.999	-1.028
2009.027	-0.920
2009.054	-0.807
2009.081	-0.694
2009.109	-0.640
2009.136	-0.593
2009.164	-0.544
2009.191	-0.453
2009.218	-0.363
2009.246	-0.273
2009.273	-0.125
2009.300	0.025
2009.328	0.175
2009.355	0.270
2009.383	0.364
2009.410	0.457
2009.437	0.542
2009.465	0.625
2009.492	0.709
2009.520	0.717
2009.547	0.714
2009.574	0.711
2009.602	0.720
2009.629	0.733
2009.656	0.746
2009.684	0.792
2009.711	0.855
2009.739	0.918
2009.766	1.067
2009.793	1.260
2009.821	1.454
2009.848	1.573
2009.875	1.633
2009.903	1.693
2009.930	1.681
2009.958	1.610
2009.985	1.539
2010.012	1.459
2010.040	1.369
2010.067	1.279
2010.094	1.203
2010.122	1.153
2010.149	1.103
2010.177	0.994
2010.204	0.836
2010.231	0.678
2010.259	0.478
2010.286	0.224
2010.313	-0.029
2010.341	-0.238
2010.368	-0.393
2010.396	-0.548
2010.423	-0.704
2010.450	-0.864
2010.478	-1.024
2010.505	-1.151
2010.533	-1.212
2010.560	-1.273
2010.587	-1.345
2010.615	-1.451
2010.642	-1.558
2010.669	-1.651
2010.697	-1.661
2010.724	-1.671
2010.752	-1.676
2010.779	-1.644
2010.806	-1.611
2010.834	-1.580
2010.861	-1.594
2010.888	-1.607
2010.916	-1.620
2010.943	-1.627
2010.971	-1.633
2010.998	-1.640
2011.025	-1.530
2011.053	-1.410
2011.080	-1.291
2011.107	-1.185
2011.135	-1.081
2011.162	-0.979
2011.190	-0.908
2011.217	-0.837
2011.244	-0.766
2011.272	-0.659
2011.299	-0.549
2011.326	-0.439
2011.354	-0.356
2011.381	-0.276
2011.409	-0.195
2011.436	-0.202
2011.463	-0.228
2011.491	-0.255
2011.518	-0.360
2011.546	-0.482
2011.573	-0.605
2011.600	-0.663
2011.628	-0.695
2011.655	-0.727
2011.682	-0.787
2011.710	-0.863
2011.737	-0.940
2011.765	-0.986
2011.792	-1.011
2011.819	-1.037
2011.847	-1.048
2011.874	-1.045
2011.901	-1.042
2011.929	-1.046
2011.956	-1.059
2011.984	-1.072
2012.011	-1.030
2012.038	-0.904
2012.066	-0.777
2012.093	-0.678
2012.120	-0.640
2012.148	-0.602
2012.175	-0.555
2012.203	-0.493
2012.230	-0.432
2012.257	-0.354
2012.285	-0.240
2012.312	-0.127
2012.339	-0.012
2012.367	0.104
2012.394	0.221
2012.422	0.327
2012.449	0.400
2012.476	0.474
2012.504	0.545
2012.531	0.610
2012.559	0.675
2012.586	0.720
2012.613	0.649
2012.641	0.578
2012.668	0.506
2012.695	0.433
2012.723	0.359
2012.750	0.291
2012.778	0.314
2012.805	0.337
2012.832	0.359
2012.860	0.209
2012.887	0.052
2012.914	-0.105
2012.942	-0.204
2012.969	-0.301
2012.997	-0.398
2013.024	-0.407
2013.051	-0.404
2013.079	-0.401
2013.106	-0.350
2013.133	-0.286
2013.161	-0.222
2013.188	-0.182
2013.216	-0.144
2013.243	-0.105
2013.270	-0.149
2013.298	-0.206
2013.325	-0.262
2013.352	-0.253
2013.380	-0.234
2013.407	-0.215
2013.435	-0.235
2013.462	-0.269
2013.489	-0.302
2013.517	-0.303
2013.544	-0.293
2013.572	-0.283
2013.599	-0.235
2013.626	-0.168
2013.654	-0.100
2013.681	-0.118
2013.708	-0.205
2013.736	-0.292
2013.763	-0.269
2013.791	-0.159
2013.818	-0.050
2013.845	0.002
2013.873	-0.014
2013.900	-0.031
2013.927	-0.109
2013.955	-0.260
2013.982	-0.412
2014.010	-0.515
2014.037	-0.527
2014.064	-0.540
2014.092	-0.521
2014.119	-0.403
2014.146	-0.285
2014.174	-0.154
2014.201	-0.006
2014.229	0.143
